
586407646
230420299
906408544
017051105
899200013
334431732
804798841
506105220
724722128
124669811
695489409
800127134
830936581
246582584
404863057
611640463
627898794
307924583
649063987
241219912
212695112
295786777
547050856
147779815
975436131
233015127
153922060
710771331
167865993
061217224
184809275
943064926
764011397
424213212
872742942
422049044
295956326
869179129
982981968
466230504
491368746
465218698
744548779
834578604
388585180
054177821
569287444
134571264
405861362
500651692
660821217
407718231
476828843
113079005
105306115
702974640
432644541
654095054
319038583
292765709
908781306
049041239
217375972
621639007
425978249
760250204
396051280
259481216
338267338
489094803
884589827
230703189
149602952
001105361
059669933
779103937
500309991
708441658
599187715
688921446
982371318
650354564
387893450
047495512
423616766
526731194
684731907
161139351
873387102
420806921
710182158
884890814
413529270
272189670
013217754
682825394
992151138
303154198
613043323
724618800
162754292
017976153
294125901
592608050
756577166
042222247
162119710
188192503
790464210
802180603
271539880
293337611
803530111
633048029
623393007
303291455
965744119
726219385
525306045
202644231
941643641
858663337
525193972
169920130
675916320
973518164
395625576
717436968
208037142
057680952
692748282
684909378
006535312
525086399
606392385
105502671
044565078
530836558
870045598
817412585
072938788
592467806
064047062
712376177
304718233
185492572
435914426
175506568
169860166
262088456
107852260
763863215
417792847
162598630
422727312
059114454
395023699
574933623
452556601
160057493
978336830
451074810
277757109
601496373
007702564
842207625
453596058
688265679
239761235
769930294
108710109
746297682
667560412
973701524
649621825
419299480
508663260
812906268
742961519
817143838
119316591
464855142
658783915
171376449
462216507
715650591
807471464
061820306
055628371
645555588
468229702
420402593
414808389
312130799
228484964
667813394
676028506
268735833
277578155
938084608
833842265
073381360
006284797
860250072
810172302
198622985
918204636
894290603
984078988
664352666
505393754
755430703
888980525
261512769
718782208
779518181
289396277
109406899
987503070
149550234
171721634
127472738
378442728
653887586
918147392
531442125
321307690
989057187
419031119
658248438
042370471
749840477
584259741
154893036
724120509
330362296
351546047
568568843
831078085
064773978
705553221
173449459
013438123
363983645
142971390
597648967
119166244
761169328
036655890
164194232
051371765
741296661
817086876
087375812
057229239
683098045
226237824
287633241
284199628
105410665
753902973
013732867
428934114
359853975
720771737
941861308
734422471
301680066
033634907
956781817
915313251
622538551
849812933
766225002
047157547
366827145
747524556
860578733
145020984
962893656
709589261
639349883
781357576
465122383
202980975
117073244
033601331
703991059
725106089
996003041
334918969
719988236
157973795
877841254
371175371
277336353
841381582
283890920
565099591
772008093
810067058
053561549
650812233
457825123
078695211
578368570
148959516
305285506
821306882
211089318
127966560
400011446
977662892
076925221
898621623
848515910
308677377
243694715
072309770
549828288
194991943
658759060
857707018
613982203
821645606
672821887
361804212
931261388
363166802
510775414
445064909
700530434
002276902
087998991
545760008
542258776
440826011
407285764
442289372
680739754
926402303
205550002
070871727
867624505
317834621
967971751
874290079
327441630
482965362
472121050
870669827
748967397
041719208
874747968
771823147
110660042
112346730
661067698
937654487
482449819
784298228
224641500
142850845
773678445
694826012
722380713
682398181
774721759
433588065
267058852
438155565
075629755
611264367
399099759
481160611
304624663
822056720
549101925
479580268
178524157
401249912
614464492
333393897
263337199
425707396
157414873
849583105
000769697
646186253
851167376
837396605
061543740
779107400
223941538
920624919
718863664
089525760
704567709
732735739
681378733
032998147
375375688
499645997
242990233
103957502
700455838
120974318
210979652
943609095
295782014
855823235
658494855
965950105
649511640
576546887
992091233
491807732
321979184
449313348
794858442
695785511
974816819
333307689
698938759
138559579
166384710
029400619
482400531
554532836
728840650
036105778
533244608
161080469
946112173
628836906
251838670
484197128
636519359
546933335
192151563
984130642
440833581
573420379
938300577
040455899
731801802
498070650
924606871
584902911
132530669
910390078
489125387
527453353
533818413
165538099
271106554
259195896
995710815
594766605
535269750
581248773
522935534
570880311
635820123
363667873
822672973
940666706
386440100
214898449
013695683
550180056
444035162
175826915
509086674
933424435
614427963
600552944
653528861
735645427
789233303
910988437
041514876
701355716
327174169
090867836
665352544
398893326
414297101
122041689
597289747
506965108
800846332
855971167
700419182
833137372
915789162
076898799
106329177
336750902
998585355